   1.26440691089955      -0.389534898092663      -9.057570664218461E-021
  1.186060050787633E-020 -3.130348881491820E-022  3.836594304883579E-021
 -5.025030162270252E-021  1.382892234025257E-022  3.000170188964660E-002
  4.458696740419286E-022 -5.840710566384378E-022  1.618214793963328E-023
 -4.532213106368973E-022  5.946593758830697E-022 -1.587365641517984E-023
   1.50696515076356       2.399233726368558E-014 -6.882629133286190E-014
 -0.766979633633101      -3.469521511856907E-015  9.959868113301729E-015
   1.81660135038452       1.165630238175470E-013 -3.469521511968137E-015
 -0.527103630776492      -1.691100294328016E-014   1.81660135038430     
  9.959868113561646E-015 -1.691100294328016E-014 -0.527103630776426     
  9.758980791790446E-002  5.004869742910609E-016 -1.438504086073158E-015
  3.823599458393435E-002  2.453589829997609E-015  3.823599458392961E-002
   1.73599872789227      -0.678236470962646       1.566642300829076E-020
 -2.052519029289722E-020  6.255035304148876E-022 -1.065589273917026E-020
  1.399094222022579E-020 -3.611845646915583E-022  6.624496653614784E-002
  3.379704301063137E-021 -4.426250498698684E-021  1.204063831912874E-022
 -6.421364494159618E-022  8.429671555274185E-022 -2.291596918784234E-023
   3.58109805789002       5.204649908025482E-014 -1.493177042375272E-013
  -5.09440678570834      -2.193982042556399E-014  6.298720193388185E-014
   3.94235660102977       2.529028730334575E-013 -2.193982042650845E-014
  -3.33444566290204      -1.069619753878455E-013   3.94235660102928     
  6.298720193288960E-014 -1.069619753878455E-013  -3.33444566290163     
   1.81180325690123       9.228100837870978E-015 -2.652400852089577E-014
  0.705068630520946       4.524421250063848E-014  0.705068630520859     
