   1.25675621580749      -0.387478108563800      -8.995748340663385E-021
  1.171112408754971E-020 -3.112757356832040E-022  3.888760945584470E-021
 -5.060065089548463E-021  1.474526098278195E-022  2.986642968774151E-002
  4.805096088828111E-022 -6.244823799952581E-022  1.773149333812051E-023
 -4.645780959831791E-022  6.046323233017363E-022 -1.761182798937126E-023
   1.50899873835095       2.431077788351859E-014 -6.987016625485212E-014
 -0.773527524400265      -3.631327730548574E-015  1.038354009777195E-014
   1.82379625775596       1.169580179654072E-013 -3.631327730382328E-015
 -0.542965823367128      -1.740377837517608E-014   1.82379625775573     
  1.038354009776685E-014 -1.740377837517608E-014 -0.542965823367060     
  9.912944520727017E-002  5.437546704140302E-016 -1.541281816679998E-015
  4.041184481149268E-002  2.591646708321161E-015  4.041184481148766E-002
   1.73502811521614      -0.676325571676242       1.525567448651307E-020
 -1.988794549621717E-020  5.238234859730506E-022 -1.006764305067357E-020
  1.310662178326275E-020 -3.441808074518792E-022  6.590905860427804E-002
  3.488530122592088E-021 -4.534686724055924E-021  1.334041370908673E-022
 -9.032152662193338E-022  1.174764108314376E-021 -3.195697564201401E-023
   3.68810060261723       5.465258194993154E-014 -1.569765260528841E-013
  -5.32436735973089      -2.431467130068488E-014  6.950235628670559E-014
   4.09831841961755       2.629028377261355E-013 -2.431467130049627E-014
  -3.63475042997020      -1.165871421679182E-013   4.09831841961704     
  6.950235628534655E-014 -1.165871421679182E-013  -3.63475042996975     
   1.92164550509076       1.083944298337192E-014 -3.074248157081351E-014
  0.805904357317360       5.167536066635019E-014  0.805904357317260     
