   1.26425347429494      -0.389378480280705      -9.092754330965972E-021
  1.192184263869314E-020 -3.089434322966820E-022  3.890035531913513E-021
 -5.106694901744262E-021  1.404344151967277E-022  2.998125059341301E-002
  4.768372190725990E-022 -6.244978241399062E-022  1.721542687446225E-023
 -4.650905648926869E-022  6.092751467067429E-022 -1.547619979643969E-023
   1.50694572328103       2.399281081223578E-014 -6.882764774012333E-014
 -0.766913536948142      -3.469328647691815E-015  9.959313975151520E-015
   1.81663695211730       1.165441431019929E-013 -3.469328647767026E-015
 -0.527074209226496      -1.690917627528602E-014   1.81663695211707     
  9.959313975173245E-015 -1.690917627528602E-014 -0.527074209226431     
  9.757424638256627E-002  5.004214850104739E-016 -1.438315740264324E-015
  3.823097698580805E-002  2.453217013465863E-015  3.823097698580329E-002
   1.73593096124888      -0.678172168983474       1.572516646795955E-020
 -2.057791402323769E-020  5.867276542734509E-022 -1.072762617829881E-020
  1.404199011370046E-020 -3.794510003119292E-022  6.623499163427039E-002
  3.359792953462599E-021 -4.402563541964944E-021  1.070410281796300E-022
 -6.232439659034721E-022  8.174340897808553E-022 -2.159953393305645E-023
   3.57996082489964       5.202670411810004E-014 -1.492609233004561E-013
  -5.09204186740151      -2.192220102834040E-014  6.293665438501664E-014
   3.94085835479696       2.527544657685919E-013 -2.192220102982195E-014
  -3.33177674436089      -1.069072699336593E-013   3.94085835479647     
  6.293665438445554E-014 -1.069072699336593E-013  -3.33177674436048     
   1.81069651649727       9.216761428682181E-015 -2.649146289934306E-014
  0.704208022394327       4.518033920771474E-014  0.704208022394240     
